2018-07-19 15:40:24.8248 [DEBUG] Validating model...
2018-07-19 15:40:25.1263 [DEBUG] Model updated
2018-07-19 15:40:25.1268 [DEBUG] Authenticating with server...
2018-07-19 15:40:25.5363 [DEBUG] Connected to room. (77796:SceneFusion:SceneFusion)
2018-07-19 15:40:25.5460 [INFO] Connected to server.
2018-07-19 15:40:25.5466 [DEBUG] OS : Unix 18.0.0.0
2018-07-19 15:40:25.5466 [DEBUG] Unity Version : 2018.1.0b13
2018-07-19 15:40:25.5468 [DEBUG] Pro License : False
2018-07-19 15:40:25.5473 [DEBUG] Platform : OSXEditor
2018-07-19 15:40:25.5474 [DEBUG] Build Target : StandaloneOSX
2018-07-19 15:40:25.5475 [DEBUG] Scene Fusion version : 1.8.0
2018-07-19 15:40:25.5475 [DEBUG] Scene Fusion client build : 0
2018-07-19 15:40:25.5476 [DEBUG] User : cyrus135@hotmail.fr
2018-07-19 15:40:25.5477 [DEBUG] Waiting for server response
2018-07-19 15:40:25.6821 [DEBUG] Tier: Scene Fusion Free, Permissions: 00001400
2018-07-19 15:40:25.6822 [DEBUG] User Permissions: FFFFFFFF
2018-07-19 15:40:26.2710 [DEBUG] No stand-in for UnityEngine.Video.VideoClip
2018-07-19 15:40:26.2711 [DEBUG] No stand-in for UnityEngine.ProceduralMaterial
2018-07-19 15:40:26.2711 [DEBUG] No stand-in for UnityEngine.ProceduralTexture
2018-07-19 15:40:26.2712 [DEBUG] No stand-in for UnityEngine.CustomRenderTexture
2018-07-19 15:40:26.2713 [DEBUG] No stand-in for UnityEngine.U2D.SpriteAtlas
2018-07-19 15:40:26.2713 [DEBUG] No stand-in for UnityEngine.Experimental.Rendering.RenderPassAttachment
2018-07-19 15:40:26.2714 [DEBUG] No stand-in for UnityEngine.AvatarMask
2018-07-19 15:40:26.2715 [DEBUG] No stand-in for UnityEngine.AI.NavMeshData
2018-07-19 15:40:26.6846 [DEBUG] Uploading scene 'SampleScene'
2018-07-19 15:40:26.7984 [DEBUG] Spawn request. (Objects: 3)
2018-07-19 15:40:27.0809 [DEBUG] Loading complete
2018-07-19 15:40:40.3143 [DEBUG] Disconnecting from room (77796:SceneFusion:SceneFusion)
2018-07-19 15:40:40.3178 [INFO] Disconnected from server.
2018-07-19 15:40:40.3180 [DEBUG] Disconnect. (Duration: 14)
